ADJACENCY MATRIX 1
===============================================
       A   B   C   D   E   F   G   H
   A   0   1   1   0   0   0   0   0
   B   1   0   0   1   1   0   0   0
   C   1   0   0   0   0   1   1   0
   D   0   1   0   0   0   0   0   0
   E   0   1   0   0   0   0   0   1
   F   0   0   1   0   0   0   0   0
   G   0   0   1   0   0   0   0   0
   H   0   0   0   0   1   0   0   0
===============================================


ADJACENCY MATRIX 2
===============================================
       1  10   2   3   4   5   6   7   8   9
   1   0   0   0   0   1   1   0   0   0   1
  10   0   0   0   1   1   0   0   0   0   0
   2   0   0   0   0   1   0   1   0   0   0
   3   0   1   0   0   0   1   0   0   1   0
   4   1   1   1   0   0   1   0   0   0   0
   5   1   0   0   1   1   0   0   0   1   0
   6   0   0   1   0   0   0   0   0   1   1
   7   0   0   0   0   0   0   0   0   1   0
   8   0   0   0   1   0   1   1   1   0   0
   9   1   0   0   0   0   0   1   0   0   0
===============================================


ADJACENCY MATRIX 3
===============================================
      11  13  18  19  23  24  26   5   9
  11   0   0   0   0   0   0   1   0   0
  13   0   0   0   1   0   0   0   1   0
  18   0   0   0   0   0   0   1   0   1
  19   0   1   0   0   0   0   0   0   1
  23   0   0   0   0   0   1   0   0   0
  24   0   0   0   0   1   0   0   0   0
  26   1   0   1   0   0   0   0   0   1
   5   0   1   0   0   0   0   0   0   0
   9   0   0   1   1   0   0   1   0   0
===============================================


