4460 1255 1306 3195 3947 4297 1057 3923 1143 2524 
1749 982 3619 1184 441 181 4820 2592 4994 3692 
40 102 2640 3049 3387 4274 1950 3177 4854 760 
4928 3701 235 1174 4336 3109 4701 313 4812 4860 
901 105 4030 2803 501 3575 4968 4223 1437 4727 
1634 3011 3747 1293 2487 2606 3601 2711 666 2092 
865 600 212 422 13 1338 2017 3744 2749 759 
4132 4762 3535 4891 801 4184 2393 4629 1426 3826 
642 783 4873 1844 3480 453 23 2917 2099 308 
1491 2718 3536 1347 551 2143 728 1546 1845 2663 
2035 3262 403 3675 4256 2704 836 427 2479 4904 
4976 797 603 2648 4072 1209 811 1035 438 4338 
52 4551 969 2155 1492 3946 591 2636 4112 3703 
3349 1713 1874 424 4105 921 4784 1423 1014 605 
34 3746 3209 396 761 1988 2956 4548 4380 2642 
597 3756 4574 3380 306 1798 4892 1109 1031 3485 
4082 3771 90 3828 4237 1617 2844 3242 842 3856 
2264 4447 1175 780 3650 2014 373 4370 4922 3695 
2166 187 2180 4823 975 677 3146 1910 318 3967 
1896 4759 4945 4245 243 2697 3493 1895 1385 158 
1095 277 4367 2222 3449 586 2102 1233 124 1351 
4623 533 1560 3196 3280 4352 1489 4750 1887 1930 
159 1795 4979 4899 3089 3907 3310 229 2429 4618 
3892 1847 1450 4207 662 735 2127 1804 168 2510 
653 3107 4885 2022 1122 753 4843 516 4186 2141 
