1786 153 3069 710 4105 1074 1236 1043 1266 4535 
2311 3844 613 4746 2459 4972 3826 3574 2867 1273 
3062 510 3880 2920 4757 4456 3782 75 4784 1077 
743 3777 388 3060 1654 3482 1224 213 547 1320 
983 4221 3884 4719 817 2839 3006 581 727 3086 
2452 4137 1289 2300 3191 4527 555 218 1554 1267 
3014 676 3849 2066 3121 1436 826 4004 1308 139 
524 2973 969 2899 1915 3416 4239 4573 843 506 
1612 4985 1278 1279 163 837 2343 2006 2911 1970 
3318 4988 3151 4416 2446 4805 1098 96 57 3230 
3377 3635 4454 4607 226 3465 4486 3222 2032 4244 
379 716 1053 1727 3075 1006 80 4798 2126 1816 
3238 2737 2976 304 1134 1808 1959 2970 1622 3083 
2072 402 1450 2607 3955 3535 3872 2096 2433 2708 
12 1348 2851 4506 3495 2994 4138 2853 503 1851 
531 2929 2104 419 4260 636 2314 2558 1210 3715 
842 2527 356 326 4370 3696 1096 967 1978 2631 
3979 4316 368 3854 3487 4029 1560 4593 2497 4519 
1588 1925 807 470 548 1029 3989 4663 2494 156 
3211 11 2707 2033 3044 1431 2105 4709 2787 283 
4515 2456 4756 1386 4970 