787 3408 849 2264 1037 1855 1059 3248 2098 4068 
1879 2471 4063 1155 3044 1374 457 4956 2410 3206 
3645 829 1993 2789 429 4276 1099 3686 2825 2007 
3983 1938 4708 3093 4320 1534 1733 101 2290 3285 
1295 1944 551 3761 4987 582 3965 3991 1020 2413 
2214 355 1303 4847 668 2008 615 2299 1105 4142 
3672 1096 687 2453 513 3383 199 4776 2505 4097 
913 2602 2387 1591 596 4419 2606 1379 1919 2737 
150 3532 669 4975 1703 98 3879 1650 1136 4408 
631 1365 4868 92 697 2806 2618 2209 1070 3006 
2654 1836 1018 1438 620 4003 3801 120 2157 4957 
458 4614 431 4112 3226 1634 4293 4618 119 2421 
3239 1985 4855 4382 1198 50 3764 3990 2973 928 
3791 1819 824 4145 908 237 2600 4192 3121 522 
679 160 4659 1618 424 4691 1419 4792 857 4218 
1764 446 4253 4118 417 4098 1710 2497 1270 1469 
797 3660 2842 4109 1660 433 1262 35 1860 2550 
2141 1872 1349 889 4860 4572 73 1533 2396 4032 
4629 4965 875 3329 599 1939 1121 3768 297 4387 
3569 1165 2952 3866 872 4144 370 2415 3377 4604 
484 2120 2203 4168 1885 