===============================
Experiment #1
===============================

Hash Table  CRP: Linear Probing
Avg Probes: 1.776
===============================
Location    Value        
===============================
0           -2147483648  
1           -2147483648  
2           -2147483648  
3           -2147483648  
4           -2147483648  
5           1560         
6           2494         
7           -2147483648  
8           -2147483648  
9           4985         
10          2497         
11          3121         
12          4988         
13          12           
14          636          
15          326          
16          4370         
17          11           
18          -2147483648  
19          -2147483648  
20          -2147483648  
21          -2147483648  
22          1266         
23          1267         
24          -2147483648  
25          -2147483648  
26          -2147483648  
27          -2147483648  
28          -2147483648  
29          1273         
30          -2147483648  
31          -2147483648  
32          -2147483648  
33          1588         
34          1278         
35          1279         
36          969          
37          967          
38          -2147483648  
39          2527         
40          2839         
41          3151         
42          -2147483648  
43          -2147483648  
44          3465         
45          3777         
46          1289         
47          356          
48          4709         
49          1915         
50          3782         
51          983          
52          2851         
53          -2147483648  
54          4719         
55          676          
56          2853         
57          1612         
58          57           
59          368          
60          1925         
61          3482         
62          4105         
63          4416         
64          1308         
65          -2147483648  
66          3487         
67          1622         
68          2867         
69          379          
70          2558         
71          -2147483648  
72          -2147483648  
73          1006         
74          3495         
75          75           
76          1320         
77          388          
78          -2147483648  
79          -2147483648  
80          80           
81          4746         
82          3191         
83          -2147483648  
84          -2147483648  
85          -2147483648  
86          -2147483648  
87          -2147483648  
88          710          
89          -2147483648  
90          -2147483648  
91          402          
92          4757         
93          1959         
94          3826         
95          4137         
96          96           
97          716          
98          4138         
99          1654         
100         2899         
101         4454         
102         4456         
103         1029         
104         1970         
105         727          
106         1348         
107         3211         
108         419          
109         4756         
110         1043         
111         -2147483648  
112         3844         
113         2911         
114         3222         
115         3535         
116         1978         
117         3849         
118         -2147483648  
119         4784         
120         3230         
121         2920         
122         743          
123         2300         
124         1053         
125         2607         
126         3854         
127         -2147483648  
128         3238         
129         -2147483648  
130         2929         
131         -2147483648  
132         4486         
133         4798         
134         2311         
135         -2147483648  
136         -2147483648  
137         2314         
138         -2147483648  
139         139          
140         2006         
141         1074         
142         4805         
143         3872         
144         1077         
145         2631         
146         1386         
147         -2147483648  
148         3880         
149         -2147483648  
150         -2147483648  
151         -2147483648  
152         3884         
153         153          
154         3574         
155         4506         
156         156          
157         -2147483648  
158         -2147483648  
159         470          
160         -2147483648  
161         4515         
162         -2147483648  
163         163          
164         1096         
165         1098         
166         2343         
167         2032         
168         4519         
169         2033         
170         -2147483648  
171         2970         
172         1727         
173         4527         
174         2973         
175         -2147483648  
176         -2147483648  
177         2976         
178         4221         
179         -2147483648  
180         -2147483648  
181         4535         
182         -2147483648  
183         -2147483648  
184         -2147483648  
185         807          
186         -2147483648  
187         1431         
188         -2147483648  
189         -2147483648  
190         -2147483648  
191         -2147483648  
192         1436         
193         503          
194         -2147483648  
195         817          
196         4239         
197         506          
198         2994         
199         510          
200         2066         
201         4244         
202         1134         
203         -2147483648  
204         826          
205         -2147483648  
206         2072         
207         3006         
208         3318         
209         1450         
210         -2147483648  
211         -2147483648  
212         -2147483648  
213         213          
214         524          
215         3014         
216         837          
217         3635         
218         218          
219         4573         
220         2708         
221         843          
222         531          
223         3955         
224         4260         
225         842          
226         226          
227         2707         
228         -2147483648  
229         -2147483648  
230         2096         
231         1786         
232         -2147483648  
233         -2147483648  
234         -2147483648  
235         -2147483648  
236         547          
237         548          
238         2104         
239         4593         
240         2105         
241         -2147483648  
242         -2147483648  
243         -2147483648  
244         555          
245         3044         
246         -2147483648  
247         3979         
248         -2147483648  
249         2737         
250         -2147483648  
251         -2147483648  
252         -2147483648  
253         4607         
254         1808         
255         -2147483648  
256         2433         
257         3989         
258         -2147483648  
259         -2147483648  
260         2126         
261         3060         
262         1816         
263         3062         
264         -2147483648  
265         -2147483648  
266         -2147483648  
267         3377         
268         -2147483648  
269         2446         
270         3069         
271         581          
272         4004         
273         4316         
274         -2147483648  
275         2452         
276         3075         
277         1210         
278         3696         
279         2456         
280         -2147483648  
281         -2147483648  
282         2459         
283         283          
284         3083         
285         -2147483648  
286         -2147483648  
287         3086         
288         -2147483648  
289         -2147483648  
290         -2147483648  
291         1224         
292         -2147483648  
293         -2147483648  
294         3715         
295         -2147483648  
296         1851         
297         4029         
298         -2147483648  
299         2787         
300         -2147483648  
301         -2147483648  
302         613          
303         1236         
304         304          
305         4970         
306         3416         
307         4972         
308         -2147483648  
309         4663         
310         1554         
===============================


Hash Table  CRP: Linear Probing
Avg Probes: 2.292
===============================
Location    Value        
===============================
0           3110         
1           -2147483648  
2           -2147483648  
3           -2147483648  
4           -2147483648  
5           -2147483648  
6           -2147483648  
7           629          
8           -2147483648  
9           320          
10          1254         
11          322          
12          11           
13          4056         
14          4365         
15          2190         
16          4370         
17          3431         
18          1262         
19          4684         
20          2507         
21          -2147483648  
22          -2147483648  
23          4999         
24          3134         
25          2512         
26          337          
27          3448         
28          3760         
29          4072         
30          652          
31          1897         
32          4074         
33          2521         
34          344          
35          4078         
36          -2147483648  
37          -2147483648  
38          -2147483648  
39          972          
40          2839         
41          3462         
42          1908         
43          3152         
44          4087         
45          1598         
46          1600         
47          -2147483648  
48          -2147483648  
49          -2147483648  
50          50           
51          3782         
52          3472         
53          4404         
54          -2147483648  
55          -2147483648  
56          2855         
57          2545         
58          3479         
59          -2147483648  
60          682          
61          3793         
62          995          
63          1929         
64          4729         
65          3792         
66          3487         
67          1927         
68          4111         
69          1313         
70          -2147483648  
71          1315         
72          -2147483648  
73          -2147483648  
74          -2147483648  
75          -2147483648  
76          1631         
77          2254         
78          1633         
79          390          
80          1946         
81          3502         
82          -2147483648  
83          -2147483648  
84          3816         
85          4128         
86          3196         
87          -2147483648  
88          2887         
89          2577         
90          3511         
91          1332         
92          3513         
93          1336         
94          3826         
95          403          
96          -2147483648  
97          3829         
98          -2147483648  
99          -2147483648  
100         2899         
101         -2147483648  
102         -2147483648  
103         4146         
104         3213         
105         2282         
106         2283         
107         2595         
108         -2147483648  
109         731          
110         732          
111         4776         
112         3844         
113         423          
114         3535         
115         4467         
116         1668         
117         117          
118         3228         
119         1674         
120         2295         
121         1054         
122         3851         
123         3233         
124         1056         
125         4788         
126         3236         
127         438          
128         127          
129         2303         
130         752          
131         131          
132         3241         
133         -2147483648  
134         1067         
135         2312         
136         1069         
137         -2147483648  
138         -2147483648  
139         -2147483648  
140         140          
141         4494         
142         2941         
143         763          
144         2628         
145         2011         
146         457          
147         769          
148         2946         
149         1393         
150         1077         
151         3566         
152         4504         
153         4507         
154         2331         
155         4509         
156         2632         
157         4511         
158         3889         
159         3263         
160         3885         
161         -2147483648  
162         -2147483648  
163         2340         
164         2030         
165         4208         
166         4828         
167         3275         
168         1723         
169         4834         
170         1408         
171         -2147483648  
172         1416         
173         2661         
174         1728         
175         2352         
176         4529         
177         2043         
178         3910         
179         2664         
180         3290         
181         2979         
182         2981         
183         493          
184         2361         
185         3295         
186         4535         
187         1742         
188         4230         
189         2047         
190         3293         
191         1124         
192         494          
193         2992         
194         2680         
195         3927         
196         3611         
197         4862         
198         -2147483648  
199         -2147483648  
200         2066         
201         2377         
202         4245         
203         4554         
204         4866         
205         2071         
206         -2147483648  
207         -2147483648  
208         1763         
209         3941         
210         519          
211         -2147483648  
212         -2147483648  
213         3012         
214         2701         
215         1458         
216         1146         
217         2083         
218         -2147483648  
219         -2147483648  
220         4574         
221         531          
222         -2147483648  
223         -2147483648  
224         535          
225         -2147483648  
226         3025         
227         4269         
228         228          
229         -2147483648  
230         3029         
231         231          
232         4897         
233         1166         
234         234          
235         3344         
236         2724         
237         1481         
238         3037         
239         861          
240         239          
241         860          
242         4593         
243         -2147483648  
244         3043         
245         3976         
246         1179         
247         1180         
248         2425         
249         2737         
250         3049         
251         -2147483648  
252         -2147483648  
253         -2147483648  
254         -2147483648  
255         3054         
256         2433         
257         256          
258         569          
259         1192         
260         3059         
261         883          
262         3994         
263         1506         
264         3370         
265         265          
266         4620         
267         4621         
268         3681         
269         880          
270         1514         
271         1825         
272         891          
273         3068         
274         585          
275         274          
276         276          
277         882          
278         2142         
279         1832         
280         1524         
281         3702         
282         2148         
283         2771         
284         1523         
285         4322         
286         1190         
287         2444         
288         288          
289         3710         
290         289          
291         2779         
292         4332         
293         2157         
294         1227         
295         1539         
296         917          
297         608          
298         3091         
299         3409         
300         299          
301         -2147483648  
302         -2147483648  
303         614          
304         -2147483648  
305         2793         
306         305          
307         -2147483648  
308         2174         
309         -2147483648  
310         3420         
===============================


Hash Table  CRP: Double Hashing
Avg Probes: 1.585
===============================
Location    Value        
===============================
0           -2147483648  
1           -2147483648  
2           -2147483648  
3           -2147483648  
4           -2147483648  
5           1560         
6           2494         
7           -2147483648  
8           -2147483648  
9           4985         
10          -2147483648  
11          3121         
12          4988         
13          11           
14          636          
15          12           
16          4370         
17          2497         
18          -2147483648  
19          -2147483648  
20          -2147483648  
21          -2147483648  
22          1266         
23          1267         
24          -2147483648  
25          -2147483648  
26          -2147483648  
27          -2147483648  
28          -2147483648  
29          1273         
30          -2147483648  
31          -2147483648  
32          -2147483648  
33          1588         
34          1278         
35          1279         
36          969          
37          -2147483648  
38          -2147483648  
39          2527         
40          2839         
41          3151         
42          967          
43          326          
44          3465         
45          3777         
46          -2147483648  
47          -2147483648  
48          -2147483648  
49          1915         
50          3782         
51          -2147483648  
52          2851         
53          -2147483648  
54          983          
55          1289         
56          -2147483648  
57          1612         
58          2853         
59          356          
60          -2147483648  
61          3482         
62          4105         
63          -2147483648  
64          4719         
65          57           
66          368          
67          1622         
68          2867         
69          4416         
70          2558         
71          1925         
72          -2147483648  
73          1308         
74          3495         
75          75           
76          1320         
77          388          
78          379          
79          -2147483648  
80          1006         
81          4746         
82          676          
83          3191         
84          80           
85          -2147483648  
86          -2147483648  
87          -2147483648  
88          710          
89          -2147483648  
90          3487         
91          402          
92          4757         
93          1959         
94          3826         
95          4138         
96          96           
97          -2147483648  
98          4756         
99          1654         
100         2899         
101         716          
102         4456         
103         3211         
104         1970         
105         727          
106         1029         
107         -2147483648  
108         419          
109         -2147483648  
110         1043         
111         -2147483648  
112         3844         
113         1348         
114         2911         
115         4454         
116         -2147483648  
117         3849         
118         4137         
119         4784         
120         3230         
121         2920         
122         3854         
123         2300         
124         3222         
125         743          
126         3535         
127         2607         
128         1053         
129         -2147483648  
130         2929         
131         -2147483648  
132         4486         
133         4798         
134         2311         
135         -2147483648  
136         -2147483648  
137         3238         
138         -2147483648  
139         139          
140         2006         
141         1074         
142         2314         
143         3872         
144         1077         
145         2631         
146         4805         
147         -2147483648  
148         3880         
149         1386         
150         -2147483648  
151         -2147483648  
152         3884         
153         153          
154         4709         
155         -2147483648  
156         156          
157         1978         
158         3574         
159         4506         
160         470          
161         4515         
162         -2147483648  
163         163          
164         -2147483648  
165         1098         
166         2343         
167         2033         
168         -2147483648  
169         2032         
170         1096         
171         2970         
172         1727         
173         4527         
174         2973         
175         4519         
176         -2147483648  
177         2976         
178         4221         
179         -2147483648  
180         -2147483648  
181         4535         
182         -2147483648  
183         -2147483648  
184         -2147483648  
185         807          
186         -2147483648  
187         1431         
188         -2147483648  
189         -2147483648  
190         -2147483648  
191         -2147483648  
192         1436         
193         -2147483648  
194         -2147483648  
195         817          
196         4239         
197         -2147483648  
198         -2147483648  
199         510          
200         2066         
201         4244         
202         506          
203         -2147483648  
204         826          
205         2994         
206         1134         
207         3006         
208         3318         
209         2072         
210         1450         
211         -2147483648  
212         503          
213         213          
214         3635         
215         3014         
216         -2147483648  
217         4260         
218         218          
219         4573         
220         2708         
221         843          
222         531          
223         524          
224         -2147483648  
225         -2147483648  
226         226          
227         2707         
228         -2147483648  
229         3955         
230         2096         
231         1786         
232         842          
233         -2147483648  
234         -2147483648  
235         -2147483648  
236         547          
237         548          
238         2104         
239         837          
240         -2147483648  
241         -2147483648  
242         -2147483648  
243         4593         
244         555          
245         3044         
246         -2147483648  
247         3979         
248         -2147483648  
249         2737         
250         -2147483648  
251         2105         
252         -2147483648  
253         4607         
254         -2147483648  
255         -2147483648  
256         2433         
257         3989         
258         -2147483648  
259         -2147483648  
260         2126         
261         3060         
262         1808         
263         3062         
264         -2147483648  
265         -2147483648  
266         -2147483648  
267         3377         
268         1816         
269         2446         
270         3069         
271         -2147483648  
272         581          
273         4316         
274         -2147483648  
275         2452         
276         3075         
277         4004         
278         1210         
279         2456         
280         -2147483648  
281         -2147483648  
282         2459         
283         283          
284         3083         
285         -2147483648  
286         -2147483648  
287         3086         
288         -2147483648  
289         3696         
290         -2147483648  
291         1224         
292         -2147483648  
293         -2147483648  
294         3715         
295         -2147483648  
296         1851         
297         4029         
298         -2147483648  
299         2787         
300         -2147483648  
301         -2147483648  
302         613          
303         1236         
304         304          
305         4970         
306         3416         
307         4972         
308         -2147483648  
309         4663         
310         1554         
===============================


Hash Table  CRP: Double Hashing
Avg Probes: 1.880
===============================
Location    Value        
===============================
0           3110         
1           -2147483648  
2           614          
3           -2147483648  
4           -2147483648  
5           -2147483648  
6           305          
7           629          
8           299          
9           320          
10          1254         
11          322          
12          3431         
13          4056         
14          2190         
15          11           
16          4370         
17          4365         
18          1262         
19          4684         
20          -2147483648  
21          -2147483648  
22          -2147483648  
23          4999         
24          3134         
25          -2147483648  
26          337          
27          2512         
28          3760         
29          4072         
30          652          
31          1897         
32          -2147483648  
33          2521         
34          -2147483648  
35          4078         
36          4074         
37          -2147483648  
38          344          
39          972          
40          2839         
41          3462         
42          1908         
43          1598         
44          4087         
45          3152         
46          1600         
47          -2147483648  
48          -2147483648  
49          -2147483648  
50          50           
51          3472         
52          -2147483648  
53          3782         
54          3448         
55          4404         
56          2855         
57          2545         
58          3479         
59          2507         
60          682          
61          3793         
62          995          
63          1929         
64          4729         
65          -2147483648  
66          3487         
67          -2147483648  
68          4111         
69          1313         
70          -2147483648  
71          1315         
72          3792         
73          -2147483648  
74          -2147483648  
75          -2147483648  
76          1631         
77          2254         
78          1633         
79          390          
80          1946         
81          3502         
82          -2147483648  
83          -2147483648  
84          3816         
85          4128         
86          3196         
87          -2147483648  
88          2887         
89          2577         
90          3511         
91          1332         
92          3513         
93          1927         
94          3826         
95          -2147483648  
96          403          
97          3829         
98          -2147483648  
99          1336         
100         2899         
101         -2147483648  
102         -2147483648  
103         4146         
104         -2147483648  
105         2282         
106         2283         
107         2595         
108         -2147483648  
109         731          
110         732          
111         3213         
112         3844         
113         4467         
114         3535         
115         -2147483648  
116         423          
117         117          
118         3228         
119         1674         
120         -2147483648  
121         1054         
122         1668         
123         3233         
124         2295         
125         3851         
126         3236         
127         438          
128         -2147483648  
129         -2147483648  
130         1056         
131         131          
132         4788         
133         3241         
134         1067         
135         127          
136         752          
137         -2147483648  
138         2312         
139         4776         
140         140          
141         763          
142         2941         
143         -2147483648  
144         1077         
145         2011         
146         457          
147         769          
148         -2147483648  
149         1393         
150         4494         
151         -2147483648  
152         3566         
153         4507         
154         2946         
155         4509         
156         2331         
157         4511         
158         2628         
159         2632         
160         4504         
161         3263         
162         2303         
163         2340         
164         2030         
165         4208         
166         1069         
167         3889         
168         1723         
169         4834         
170         -2147483648  
171         3275         
172         1416         
173         2661         
174         -2147483648  
175         2352         
176         2664         
177         2043         
178         3910         
179         -2147483648  
180         3290         
181         4535         
182         2981         
183         3293         
184         2361         
185         3295         
186         493          
187         1742         
188         4230         
189         2047         
190         2979         
191         1728         
192         2680         
193         2992         
194         3611         
195         3927         
196         1124         
197         4862         
198         494          
199         4828         
200         2066         
201         4866         
202         4245         
203         -2147483648  
204         -2147483648  
205         2071         
206         -2147483648  
207         3885         
208         2377         
209         3941         
210         4554         
211         -2147483648  
212         1763         
213         3012         
214         1458         
215         2701         
216         -2147483648  
217         2083         
218         519          
219         -2147483648  
220         4574         
221         -2147483648  
222         531          
223         -2147483648  
224         535          
225         4529         
226         3025         
227         1146         
228         228          
229         -2147483648  
230         3029         
231         231          
232         4897         
233         1166         
234         234          
235         -2147483648  
236         2724         
237         1481         
238         3037         
239         861          
240         860          
241         -2147483648  
242         -2147483648  
243         4593         
244         3043         
245         1408         
246         4269         
247         1180         
248         2425         
249         2737         
250         3049         
251         3976         
252         -2147483648  
253         -2147483648  
254         3344         
255         3054         
256         2433         
257         1190         
258         569          
259         239          
260         3059         
261         883          
262         3994         
263         3370         
264         3681         
265         265          
266         4620         
267         4621         
268         1192         
269         1506         
270         1514         
271         880          
272         882          
273         891          
274         585          
275         -2147483648  
276         276          
277         256          
278         3068         
279         274          
280         1524         
281         3702         
282         2148         
283         2771         
284         -2147483648  
285         2142         
286         1832         
287         1523         
288         1825         
289         3710         
290         -2147483648  
291         2779         
292         4332         
293         -2147483648  
294         1227         
295         1539         
296         1179         
297         608          
298         3091         
299         289          
300         4322         
301         -2147483648  
302         2444         
303         917          
304         -2147483648  
305         2793         
306         288          
307         2157         
308         2174         
309         3409         
310         3420         
===============================


===============================
Experiment #2
===============================

Hash Table  CRP: Linear Probing
Avg Probes: 1.771
===============================
Location    Value        
===============================
0           -2147483648  
1           -2147483648  
2           -2147483648  
3           -2147483648  
4           -2147483648  
5           -2147483648  
6           1872         
7           2806         
8           -2147483648  
9           631          
10          2497         
11          4987         
12          3121         
13          1879         
14          -2147483648  
15          -2147483648  
16          -2147483648  
17          2505         
18          1262         
19          1885         
20          4063         
21          -2147483648  
22          -2147483648  
23          -2147483648  
24          -2147483648  
25          4068         
26          2825         
27          4691         
28          4382         
29          3761         
30          1270         
31          2203         
32          2209         
33          3764         
34          4387         
35          35           
36          1591         
37          2214         
38          3768         
39          -2147483648  
40          -2147483648  
41          -2147483648  
42          -2147483648  
43          4708         
44          355          
45          2842         
46          668          
47          669          
48          -2147483648  
49          -2147483648  
50          50           
51          1295         
52          -2147483648  
53          1919         
54          4097         
55          4408         
56          4098         
57          679          
58          -2147483648  
59          1303         
60          3791         
61          370          
62          2550         
63          1618         
64          -2147483648  
65          687          
66          4419         
67          4109         
68          -2147483648  
69          3801         
70          4112         
71          -2147483648  
72          1938         
73          73           
74          1939         
75          697          
76          4118         
77          -2147483648  
78          1944         
79          1634         
80          -2147483648  
81          -2147483648  
82          -2147483648  
83          -2147483648  
84          -2147483648  
85          1018         
86          -2147483648  
87          2264         
88          1020         
89          -2147483648  
90          -2147483648  
91          -2147483648  
92          92           
93          -2147483648  
94          -2147483648  
95          1650         
96          3206         
97          -2147483648  
98          98           
99          4142         
100         -2147483648  
101         101          
102         4145         
103         4144         
104         1037         
105         1660         
106         417          
107         1349         
108         -2147483648  
109         -2147483648  
110         -2147483648  
111         4776         
112         3532         
113         2290         
114         2602         
115         2600         
116         3226         
117         424          
118         429          
119         2606         
120         120          
121         1365         
122         2299         
123         431          
124         119          
125         1985         
126         1059         
127         1993         
128         4792         
129         3239         
130         1374         
131         2618         
132         433          
133         4168         
134         3866         
135         1379         
136         446          
137         1070         
138         3248         
139         -2147483648  
140         -2147483648  
141         2007         
142         2008         
143         -2147483648  
144         -2147483648  
145         -2147483648  
146         457          
147         3879         
148         1703         
149         458          
150         150          
151         4192         
152         3569         
153         2952         
154         -2147483648  
155         1710         
156         -2147483648  
157         -2147483648  
158         -2147483648  
159         -2147483648  
160         160          
161         -2147483648  
162         -2147483648  
163         1096         
164         -2147483648  
165         787          
166         1099         
167         2654         
168         -2147483648  
169         -2147483648  
170         -2147483648  
171         -2147483648  
172         1105         
173         484          
174         2973         
175         3285         
176         1419         
177         4218         
178         1733         
179         797          
180         -2147483648  
181         -2147483648  
182         4847         
183         -2147483648  
184         -2147483648  
185         -2147483648  
186         -2147483648  
187         -2147483648  
188         1121         
189         -2147483648  
190         4855         
191         -2147483648  
192         -2147483648  
193         -2147483648  
194         1438         
195         4860         
196         -2147483648  
197         -2147483648  
198         -2147483648  
199         199          
200         -2147483648  
201         -2147483648  
202         513          
203         1136         
204         4868         
205         824          
206         -2147483648  
207         829          
208         3006         
209         1764         
210         2387         
211         522          
212         4253         
213         -2147483648  
214         -2147483648  
215         -2147483648  
216         -2147483648  
217         -2147483648  
218         4572         
219         2396         
220         3329         
221         -2147483648  
222         1155         
223         -2147483648  
224         3645         
225         1469         
226         -2147483648  
227         849          
228         -2147483648  
229         -2147483648  
230         -2147483648  
231         -2147483648  
232         2098         
233         2410         
234         4276         
235         3965         
236         2413         
237         237          
238         857          
239         3660         
240         551          
241         1165         
242         2415         
243         -2147483648  
244         2421         
245         3044         
246         -2147483648  
247         -2147483648  
248         -2147483648  
249         2737         
250         4293         
251         3983         
252         3672         
253         875          
254         872          
255         4604         
256         2120         
257         -2147483648  
258         3990         
259         3991         
260         4614         
261         -2147483648  
262         -2147483648  
263         -2147483648  
264         4618         
265         3686         
266         1198         
267         1819         
268         889          
269         3377         
270         -2147483648  
271         582          
272         4003         
273         3383         
274         -2147483648  
275         2141         
276         2453         
277         4320         
278         4629         
279         -2147483648  
280         -2147483648  
281         1836         
282         -2147483648  
283         -2147483648  
284         -2147483648  
285         596          
286         908          
287         -2147483648  
288         599          
289         1533         
290         1534         
291         4956         
292         913          
293         2157         
294         2471         
295         3093         
296         4957         
297         297          
298         3408         
299         -2147483648  
300         1855         
301         2789         
302         4032         
303         4965         
304         615          
305         4659         
306         928          
307         1860         
308         -2147483648  
309         620          
310         4975         
===============================


Hash Table  CRP: Linear Probing
Avg Probes: 2.280
===============================
Location    Value        
===============================
0           2487         
1           4976         
2           313          
3           2180         
4           2803         
5           1560         
6           4979         
7           318          
8           1874         
9           3107         
10          -2147483648  
11          1255         
12          3744         
13          13           
14          3746         
15          3747         
16          4370         
17          4367         
18          4994         
19          -2147483648  
20          642          
21          1887         
22          2510         
23          23           
24          3756         
25          -2147483648  
26          4380         
27          -2147483648  
28          3449         
29          4072         
30          1896         
31          1895         
32          653          
33          -2147483648  
34          34           
35          -2147483648  
36          2524         
37          4701         
38          969          
39          4082         
40          40           
41          3771         
42          975          
43          3146         
44          666          
45          2844         
46          1910         
47          2222         
48          662          
49          982          
50          1293         
51          -2147483648  
52          52           
53          -2147483648  
54          -2147483648  
55          677          
56          -2147483648  
57          -2147483648  
58          -2147483648  
59          3480         
60          -2147483648  
61          -2147483648  
62          1306         
63          4727         
64          4105         
65          3485         
66          1617         
67          3177         
68          373          
69          4112         
70          1930         
71          -2147483648  
72          3493         
73          -2147483648  
74          -2147483648  
75          -2147483648  
76          -2147483648  
77          -2147483648  
78          -2147483648  
79          1634         
80          -2147483648  
81          1014         
82          -2147483648  
83          -2147483648  
84          1950         
85          3195         
86          396          
87          2264         
88          3196         
89          4132         
90          90           
91          4750         
92          403          
93          4447         
94          1338         
95          3826         
96          3828         
97          4762         
98          1031         
99          3209         
100         4759         
101         -2147483648  
102         102          
103         1347         
104         2592         
105         105          
106         4460         
107         728          
108         1035         
109         1351         
110         -2147483648  
111         422          
112         -2147483648  
113         424          
114         3535         
115         3536         
116         427          
117         735          
118         2606         
119         2917         
120         4784         
121         -2147483648  
122         1988         
123         -2147483648  
124         1057         
125         3856         
126         124          
127         438          
128         -2147483648  
129         -2147483648  
130         441          
131         753          
132         3242         
133         -2147483648  
134         -2147483648  
135         -2147483648  
136         -2147483648  
137         759          
138         760          
139         761          
140         -2147483648  
141         4184         
142         453          
143         1385         
144         4186         
145         -2147483648  
146         -2147483648  
147         4812         
148         2636         
149         2014         
150         -2147483648  
151         2017         
152         2640         
153         3262         
154         3575         
155         4820         
156         2642         
157         2956         
158         1713         
159         780          
160         2648         
161         783          
162         4823         
163         158          
164         1095         
165         159          
166         3892         
167         4207         
168         168          
169         2035         
170         3280         
171         2022         
172         -2147483648  
173         -2147483648  
174         -2147483648  
175         2663         
176         797          
177         1109         
178         3907         
179         801          
180         4223         
181         181          
182         3601         
183         1426         
184         1423         
185         4843         
186         -2147483648  
187         187          
188         -2147483648  
189         4854         
190         501          
191         3923         
192         811          
193         1437         
194         1749         
195         4860         
196         4548         
197         4551         
198         3619         
199         4237         
200         3310         
201         1122         
202         4245         
203         -2147483648  
204         -2147483648  
205         516          
206         1450         
207         -2147483648  
208         4873         
209         2697         
210         1143         
211         -2147483648  
212         3011         
213         212          
214         4256         
215         3947         
216         2393         
217         2704         
218         836          
219         3946         
220         4574         
221         842          
222         533          
223         2711         
224         4885         
225         -2147483648  
226         2092         
227         4891         
228         4892         
229         3650         
230         2718         
231         4274         
232         229          
233         2099         
234         4899         
235         235          
236         3967         
237         2102         
238         -2147483648  
239         4904         
240         551          
241         1174         
242         3349         
243         865          
244         1798         
245         1175         
246         243          
247         1491         
248         1492         
249         1489         
250         3049         
251         1184         
252         1795         
253         2429         
254         4297         
255         3675         
256         1804         
257         4922         
258         -2147483648  
259         -2147483648  
260         -2147483648  
261         2749         
262         2127         
263         4928         
264         4618         
265         -2147483648  
266         -2147483648  
267         -2147483648  
268         -2147483648  
269         4623         
270         3380         
271         3692         
272         -2147483648  
273         -2147483648  
274         3695         
275         4629         
276         1209         
277         3387         
278         2143         
279         901          
280         3701         
281         591          
282         3703         
283         4945         
284         277          
285         586          
286         597          
287         2141         
288         -2147483648  
289         600          
290         1844         
291         1845         
292         603          
293         4336         
294         2155         
295         4338         
296         605          
297         3089         
298         4030         
299         921          
300         2166         
301         1233         
302         1546         
303         4968         
304         2479         
305         1847         
306         306          
307         -2147483648  
308         308          
309         4352         
310         3109         
===============================


Hash Table  CRP: Double Hashing
Avg Probes: 1.580
===============================
Location    Value        
===============================
0           -2147483648  
1           4965         
2           -2147483648  
3           -2147483648  
4           4629         
5           -2147483648  
6           1872         
7           2806         
8           -2147483648  
9           631          
10          -2147483648  
11          4987         
12          -2147483648  
13          1879         
14          -2147483648  
15          3121         
16          -2147483648  
17          2505         
18          1262         
19          1885         
20          4063         
21          -2147483648  
22          -2147483648  
23          -2147483648  
24          -2147483648  
25          4068         
26          2825         
27          1270         
28          4382         
29          3761         
30          4691         
31          -2147483648  
32          2209         
33          2497         
34          2203         
35          35           
36          1591         
37          2214         
38          -2147483648  
39          -2147483648  
40          -2147483648  
41          4387         
42          3764         
43          4708         
44          355          
45          3768         
46          668          
47          669          
48          -2147483648  
49          2842         
50          50           
51          1295         
52          -2147483648  
53          1919         
54          4097         
55          4098         
56          -2147483648  
57          679          
58          -2147483648  
59          1303         
60          370          
61          3791         
62          2550         
63          4408         
64          -2147483648  
65          687          
66          4109         
67          -2147483648  
68          -2147483648  
69          3801         
70          -2147483648  
71          -2147483648  
72          1938         
73          73           
74          -2147483648  
75          4419         
76          -2147483648  
77          -2147483648  
78          1944         
79          1634         
80          -2147483648  
81          4112         
82          -2147483648  
83          697          
84          4118         
85          1018         
86          -2147483648  
87          2264         
88          1020         
89          -2147483648  
90          1618         
91          -2147483648  
92          92           
93          1939         
94          -2147483648  
95          1650         
96          3206         
97          -2147483648  
98          98           
99          4142         
100         -2147483648  
101         101          
102         4145         
103         -2147483648  
104         1037         
105         1660         
106         417          
107         -2147483648  
108         -2147483648  
109         -2147483648  
110         -2147483648  
111         4776         
112         2600         
113         2290         
114         2602         
115         1349         
116         3226         
117         3532         
118         429          
119         119          
120         120          
121         1365         
122         2299         
123         424          
124         431          
125         2606         
126         1059         
127         1993         
128         -2147483648  
129         3239         
130         1374         
131         1985         
132         -2147483648  
133         4792         
134         433          
135         1379         
136         4144         
137         1070         
138         3248         
139         2618         
140         -2147483648  
141         2007         
142         2008         
143         4168         
144         -2147483648  
145         -2147483648  
146         457          
147         3879         
148         1703         
149         4192         
150         150          
151         -2147483648  
152         -2147483648  
153         2952         
154         -2147483648  
155         1710         
156         458          
157         -2147483648  
158         3569         
159         -2147483648  
160         160          
161         -2147483648  
162         3866         
163         1096         
164         -2147483648  
165         787          
166         1099         
167         -2147483648  
168         -2147483648  
169         -2147483648  
170         446          
171         2654         
172         1105         
173         484          
174         2973         
175         3285         
176         -2147483648  
177         -2147483648  
178         1733         
179         -2147483648  
180         -2147483648  
181         -2147483648  
182         4847         
183         797          
184         4218         
185         1419         
186         -2147483648  
187         -2147483648  
188         1121         
189         -2147483648  
190         4855         
191         -2147483648  
192         -2147483648  
193         -2147483648  
194         1438         
195         4860         
196         -2147483648  
197         -2147483648  
198         -2147483648  
199         199          
200         -2147483648  
201         -2147483648  
202         513          
203         1136         
204         -2147483648  
205         -2147483648  
206         -2147483648  
207         829          
208         -2147483648  
209         1764         
210         2387         
211         522          
212         4868         
213         -2147483648  
214         3006         
215         -2147483648  
216         -2147483648  
217         824          
218         4253         
219         2396         
220         -2147483648  
221         4572         
222         1155         
223         -2147483648  
224         3645         
225         1469         
226         -2147483648  
227         849          
228         -2147483648  
229         3329         
230         -2147483648  
231         -2147483648  
232         2098         
233         2410         
234         -2147483648  
235         857          
236         2413         
237         237          
238         1165         
239         3965         
240         4276         
241         3660         
242         551          
243         -2147483648  
244         2421         
245         3044         
246         -2147483648  
247         -2147483648  
248         -2147483648  
249         2737         
250         4293         
251         3983         
252         -2147483648  
253         875          
254         3672         
255         4604         
256         872          
257         2120         
258         3990         
259         3991         
260         4614         
261         -2147483648  
262         2415         
263         -2147483648  
264         4618         
265         3686         
266         -2147483648  
267         889          
268         -2147483648  
269         -2147483648  
270         -2147483648  
271         582          
272         -2147483648  
273         3383         
274         1198         
275         4003         
276         2453         
277         4320         
278         -2147483648  
279         2141         
280         -2147483648  
281         1836         
282         -2147483648  
283         3377         
284         1819         
285         596          
286         908          
287         -2147483648  
288         599          
289         1533         
290         1534         
291         4956         
292         4957         
293         -2147483648  
294         2471         
295         913          
296         -2147483648  
297         297          
298         3408         
299         2157         
300         1855         
301         2789         
302         3093         
303         4032         
304         615          
305         4659         
306         928          
307         1860         
308         -2147483648  
309         620          
310         4975         
===============================


Hash Table  CRP: Double Hashing
Avg Probes: 1.968
===============================
Location    Value        
===============================
0           4976         
1           2479         
2           313          
3           2180         
4           2803         
5           1233         
6           1560         
7           2487         
8           1874         
9           3089         
10          -2147483648  
11          1255         
12          3744         
13          13           
14          3746         
15          3747         
16          4370         
17          -2147483648  
18          4994         
19          -2147483648  
20          642          
21          4367         
22          2127         
23          23           
24          3756         
25          318          
26          4380         
27          2510         
28          3449         
29          4072         
30          1896         
31          597          
32          -2147483648  
33          4979         
34          34           
35          1895         
36          2524         
37          1887         
38          4701         
39          4082         
40          40           
41          3771         
42          975          
43          3146         
44          666          
45          2844         
46          969          
47          1910         
48          2222         
49          982          
50          -2147483648  
51          653          
52          52           
53          1293         
54          -2147483648  
55          677          
56          -2147483648  
57          -2147483648  
58          229          
59          3480         
60          -2147483648  
61          1847         
62          1306         
63          -2147483648  
64          3485         
65          1930         
66          373          
67          3177         
68          4105         
69          4112         
70          4727         
71          -2147483648  
72          3493         
73          662          
74          -2147483648  
75          -2147483648  
76          -2147483648  
77          3107         
78          1617         
79          1634         
80          -2147483648  
81          1014         
82          -2147483648  
83          -2147483648  
84          1950         
85          3195         
86          3196         
87          2264         
88          4750         
89          4132         
90          90           
91          -2147483648  
92          403          
93          4447         
94          1338         
95          -2147483648  
96          3828         
97          4762         
98          1031         
99          3209         
100         -2147483648  
101         3826         
102         102          
103         1347         
104         2592         
105         105          
106         4460         
107         1351         
108         1035         
109         -2147483648  
110         -2147483648  
111         422          
112         -2147483648  
113         424          
114         3535         
115         3536         
116         427          
117         -2147483648  
118         2606         
119         4784         
120         396          
121         -2147483648  
122         1988         
123         -2147483648  
124         1057         
125         735          
126         2917         
127         438          
128         -2147483648  
129         124          
130         441          
131         3856         
132         3242         
133         728          
134         4759         
135         753          
136         -2147483648  
137         759          
138         760          
139         761          
140         -2147483648  
141         4184         
142         453          
143         4186         
144         -2147483648  
145         -2147483648  
146         -2147483648  
147         4812         
148         2636         
149         -2147483648  
150         -2147483648  
151         2017         
152         2640         
153         2014         
154         3575         
155         4820         
156         2022         
157         2956         
158         3262         
159         780          
160         2648         
161         783          
162         1713         
163         2642         
164         4207         
165         1385         
166         4823         
167         158          
168         1095         
169         2035         
170         3280         
171         -2147483648  
172         3892         
173         -2147483648  
174         -2147483648  
175         2663         
176         1109         
177         168          
178         4843         
179         801          
180         4223         
181         181          
182         3601         
183         797          
184         -2147483648  
185         -2147483648  
186         -2147483648  
187         1423         
188         -2147483648  
189         4854         
190         501          
191         3923         
192         1122         
193         1437         
194         1749         
195         4860         
196         1426         
197         811          
198         3619         
199         4551         
200         3310         
201         -2147483648  
202         4237         
203         4548         
204         -2147483648  
205         516          
206         1450         
207         3907         
208         4873         
209         2697         
210         1143         
211         187          
212         3011         
213         4256         
214         836          
215         3947         
216         2393         
217         -2147483648  
218         212          
219         159          
220         4574         
221         2704         
222         533          
223         2711         
224         -2147483648  
225         -2147483648  
226         2092         
227         4892         
228         4891         
229         842          
230         2718         
231         4274         
232         3650         
233         2099         
234         4899         
235         235          
236         2102         
237         -2147483648  
238         4245         
239         4904         
240         551          
241         1174         
242         3946         
243         865          
244         4885         
245         1489         
246         1795         
247         1491         
248         1492         
249         3349         
250         3049         
251         1184         
252         1798         
253         -2147483648  
254         4297         
255         243          
256         -2147483648  
257         4922         
258         -2147483648  
259         3967         
260         3675         
261         2749         
262         2429         
263         4928         
264         4618         
265         -2147483648  
266         1175         
267         -2147483648  
268         -2147483648  
269         4623         
270         3380         
271         3692         
272         -2147483648  
273         -2147483648  
274         3695         
275         4629         
276         1209         
277         3387         
278         -2147483648  
279         901          
280         3701         
281         2143         
282         591          
283         2141         
284         1804         
285         277          
286         3703         
287         -2147483648  
288         -2147483648  
289         600          
290         1845         
291         -2147483648  
292         603          
293         4336         
294         1844         
295         4338         
296         586          
297         -2147483648  
298         4030         
299         921          
300         605          
301         2155         
302         1546         
303         4968         
304         4945         
305         -2147483648  
306         306          
307         2166         
308         308          
309         4352         
310         3109         
===============================


