265 2433 861 3196 883 1262 228 3233 1067 1514 
2352 2992 231 769 3012 535 1481 4208 2855 3710 
1929 3844 3029 1227 2361 1723 50 3420 2941 1633 
2981 629 3994 4509 3110 2577 3535 493 2701 3479 
3816 4574 2737 2066 3927 4620 239 131 3037 2771 
3782 4511 2595 4146 3472 1166 1416 4621 1524 1192 
4128 1742 731 1313 2661 569 2254 3941 234 2071 
2340 4078 4245 3295 289 3462 531 972 276 2283 
1946 3702 585 3043 2148 4507 3290 4230 860 2545 
3213 3059 3511 1908 2377 322 140 1825 3829 3025 
4684 438 3134 2979 1631 1506 3370 337 2174 4535 
608 2779 274 2047 3049 2030 682 1056 1393 3228 
4056 1539 2887 2043 3054 4087 1728 1054 4072 2724 
256 2793 3344 3681 2512 4370 1674 2011 4593 1897 
1458 4828 1124 4494 3152 3826 3293 2282 2946 1598 
763 4554 880 4729 11 1180 3760 390 891 3513 
2839 1336 4404 3068 3241 882 2142 457 3976 2628 
127 2425 1077 403 3409 2899 3236 3910 2521 3566 
4074 4504 1832 3502 1600 4269 2331 494 4365 2680 
1332 995 2312 1523 4866 2507 4529 752 3448 1763 
4999 2303 299 917 1254 652 423 3793 4467 117 
3487 4322 3889 519 3611 1668 320 4788 2632 2295 
305 2664 344 4862 3851 2190 1179 288 4332 614 
4834 4111 4897 1190 3792 2444 2083 3431 2157 1146 
3263 3275 1927 1408 3885 1315 4776 1069 3091 732 
